   2.5668449e-01   3.7433155e-01
   2.4598930e-01   3.4224599e-01
   2.7807487e-01   7.3796791e-01
   2.7807487e-01   4.2245989e-01
   2.8877005e-01   4.6524064e-01
   3.2085561e-01   7.3262032e-01
   3.1016043e-01   5.3475936e-01
   3.0481283e-01   4.8663102e-01
   2.9946524e-01   4.4385027e-01
   3.2085561e-01   6.3101604e-01
   3.2085561e-01   5.8823529e-01
   3.7433155e-01   8.3422460e-01
   3.7433155e-01   8.2352941e-01
   3.7433155e-01   7.3262032e-01
   4.3850267e-01   8.3422460e-01
   4.2780749e-01   8.2352941e-01
   4.2780749e-01   7.3262032e-01
   4.2780749e-01   7.0053476e-01
   4.2780749e-01   5.8288770e-01
   4.2780749e-01   5.3475936e-01
   4.2780749e-01   4.8128342e-01
   4.2780749e-01   3.7433155e-01
   4.2780749e-01   3.2085561e-01
   4.2245989e-01   2.6737968e-01
   4.2245989e-01   2.2459893e-01
   4.3315508e-01   6.4171123e-01
   4.3315508e-01   4.2780749e-01
   4.8128342e-01   8.3957219e-01
   4.5989305e-01   8.2352941e-01
   4.7593583e-01   7.2727273e-01
   5.2941176e-01   8.3957219e-01
   5.3475936e-01   7.2727273e-01
   5.2406417e-01   5.8823529e-01
   5.1871658e-01   5.3475936e-01
   5.2406417e-01   4.8128342e-01
   5.3475936e-01   6.2566845e-01
   5.3475936e-01   4.2780749e-01
   5.4010695e-01   3.9572193e-01
   5.8288770e-01   7.2727273e-01
   6.3101604e-01   4.2780749e-01
   6.3101604e-01   3.6363636e-01
   6.3101604e-01   3.2085561e-01
   6.5240642e-01   4.7058824e-01
   6.4171123e-01   2.6737968e-01
   6.5240642e-01   7.1122995e-01
   6.5240642e-01   2.3529412e-01
   6.6310160e-01   7.2727273e-01
   6.7914439e-01   7.1657754e-01
   6.9518717e-01   4.7593583e-01
   7.0053476e-01   3.5294118e-01
   6.9518717e-01   2.1390374e-01
   7.0588235e-01   7.2727273e-01
   7.0053476e-01   6.3636364e-01
   6.9518717e-01   5.8823529e-01
   7.1122995e-01   5.5080214e-01
   7.4331551e-01   7.5401070e-01
   7.3796791e-01   6.6310160e-01
   7.4866310e-01   5.3475936e-01
   7.4866310e-01   4.7058824e-01
   7.4866310e-01   3.5828877e-01
   7.4866310e-01   2.0855615e-01
   7.5401070e-01   6.7379679e-01
   7.7005348e-01   7.9144385e-01
   8.0213904e-01   8.5026738e-01
   7.9679144e-01   8.1283422e-01
   8.0213904e-01   6.7379679e-01
   8.0213904e-01   6.6310160e-01
   8.0213904e-01   5.2406417e-01
   8.0213904e-01   4.7058824e-01
   8.0213904e-01   3.6363636e-01
   8.0213904e-01   2.1390374e-01
   7.9679144e-01   8.8770053e-01
   8.0213904e-01   4.2780749e-01
   8.0748663e-01   3.2085561e-01
   8.0748663e-01   2.6737968e-01
   8.3422460e-01   7.9144385e-01
   8.5026738e-01   6.7379679e-01
   8.6096257e-01   6.6310160e-01
   8.5561497e-01   5.2941176e-01
   8.5561497e-01   4.7593583e-01
   8.5561497e-01   3.5828877e-01
   8.5561497e-01   2.1390374e-01
   8.6096257e-01   7.5401070e-01
   8.9839572e-01   7.2727273e-01
   9.0909091e-01   6.4171123e-01
   8.9839572e-01   5.4545455e-01
   9.0909091e-01   4.7593583e-01
   9.0909091e-01   3.5828877e-01
   9.0909091e-01   2.1390374e-01
   9.1978610e-01   7.1657754e-01
   9.3048128e-01   5.7754011e-01
   9.6256684e-01   6.9518717e-01
   9.4117647e-01   6.2566845e-01
   9.4117647e-01   5.9358289e-01
   9.6256684e-01   4.7058824e-01
   9.6256684e-01   3.5828877e-01
   9.5187166e-01   2.2459893e-01
   9.8395722e-01   2.5668449e-01
   9.8395722e-01   4.3315508e-01
   9.8395722e-01   2.9946524e-01
   9.9465241e-01   6.9518717e-01
   9.9465241e-01   4.1711230e-01
   1.0000000e+00   3.7433155e-01
   1.0000000e+00   3.2085561e-01
   9.9465241e-01   2.8342246e-01
