   3.4600572e-01   2.5684500e-01
   3.2452998e-01   2.2553996e-01
   4.3246440e-01   7.7513400e-01
   3.8521250e-01   3.0700587e-01
   4.0875642e-01   3.6097688e-01
   4.8160318e-01   7.6065417e-01
   4.4943851e-01   4.5785273e-01
   4.3375855e-01   3.8606632e-01
   4.1775534e-01   3.2706952e-01
   4.7561537e-01   6.0924855e-01
   4.7062361e-01   5.4026302e-01
   5.3521896e-01   8.6509805e-01
   5.3621278e-01   8.5450397e-01
   5.4057635e-01   7.4682228e-01
   6.0236873e-01   8.4194698e-01
   5.9229156e-01   8.3572375e-01
   5.9732318e-01   7.2889085e-01
   5.9791699e-01   6.8438153e-01
   5.9620830e-01   5.0233073e-01
   5.9349954e-01   4.2602855e-01
   5.8819170e-01   3.4501180e-01
   5.6724979e-01   2.0419603e-01
   5.5162578e-01   1.4589713e-01
   5.2732260e-01   9.5278183e-02
   5.1325869e-01   5.8421469e-02
   6.0364779e-01   5.9426516e-01
   5.8638468e-01   2.6998421e-01
   6.4545904e-01   8.2773186e-01
   6.2516222e-01   8.2202768e-01
   6.4706464e-01   7.0344362e-01
   6.9335041e-01   8.0339172e-01
   7.0537695e-01   6.7994776e-01
   7.0264048e-01   4.9351812e-01
   6.9845001e-01   4.1629706e-01
   7.0314168e-01   3.4135697e-01
   7.1152834e-01   5.4541796e-01
   7.0987198e-01   2.7295720e-01
   7.1029853e-01   2.3522234e-01
   7.5034139e-01   6.6090418e-01
   8.0963801e-01   2.9635471e-01
   7.9922238e-01   2.2581619e-01
   7.8788723e-01   1.8145387e-01
   8.3049702e-01   3.5118435e-01
   7.8120394e-01   1.3237951e-01
   8.0981687e-01   6.1923918e-01
   7.8094166e-01   1.0507883e-01
   8.1724866e-01   6.3142515e-01
   8.2967275e-01   6.1602649e-01
   8.6444690e-01   3.6769459e-01
   8.5984077e-01   2.4050967e-01
   8.1677163e-01   9.8576159e-02
   8.4827036e-01   6.1729719e-01
   8.5073582e-01   5.3467604e-01
   8.5294003e-01   4.8669225e-01
   8.6877507e-01   4.4893826e-01
   8.7361243e-01   6.2737316e-01
   8.7226852e-01   5.5366376e-01
   8.9527021e-01   4.3636939e-01
   9.0267712e-01   3.7415305e-01
   9.0030980e-01   2.6265427e-01
   8.6789488e-01   1.0965166e-01
   8.8132707e-01   5.5969056e-01
   8.9391605e-01   6.4750869e-01
   9.2472431e-01   6.8238631e-01
   9.1491642e-01   6.5478081e-01
   9.0994549e-01   5.5026570e-01
   9.1052194e-01   5.4227605e-01
   9.3002488e-01   4.3015941e-01
   9.3823273e-01   3.8273210e-01
   9.4309563e-01   2.8247310e-01
   9.2165871e-01   1.2867519e-01
   9.2701709e-01   7.1517645e-01
   9.4244862e-01   3.4342451e-01
   9.4415754e-01   2.4163318e-01
   9.3668239e-01   1.8705639e-01
   9.3772570e-01   6.2701768e-01
   9.3942801e-01   5.4053631e-01
   9.4679096e-01   5.3098556e-01
   9.6323845e-01   4.3394562e-01
   9.7388680e-01   3.9040790e-01
   9.8656137e-01   2.8568940e-01
   9.7540349e-01   1.3660923e-01
   9.5080322e-01   5.9301408e-01
   9.7504163e-01   5.6556331e-01
   9.8244072e-01   5.0642897e-01
   9.9020404e-01   4.4145349e-01
   1.0146307e+00   3.8686585e-01
   1.0337209e+00   2.8640530e-01
   1.0313482e+00   1.3756810e-01
   9.9101962e-01   5.5332964e-01
   1.0089268e+00   4.5818305e-01
   1.0274548e+00   5.2876240e-01
   1.0104015e+00   4.8826939e-01
   1.0150783e+00   4.6670180e-01
   1.0633052e+00   3.7258234e-01
   1.0854264e+00   2.7889088e-01
   1.0783105e+00   1.4500045e-01
   1.1141895e+00   1.7355834e-01
   1.0934260e+00   3.3737454e-01
   1.1130222e+00   2.1785720e-01
   1.0597598e+00   5.2058952e-01
   1.1080101e+00   3.2114267e-01
   1.1218499e+00   2.8319296e-01
   1.1287401e+00   2.3419678e-01
   1.1253565e+00   1.9868622e-01
